-9.076371788978576660e-03
1.099510639905929565e-01
-8.734453469514846802e-02
1.699952781200408936e-02
-1.357956081628799438e-01
4.994396865367889404e-02
1.958040893077850342e-02
-1.382664889097213745e-01
-5.155330896377563477e-02
1.192549318075180054e-01
-1.087124198675155640e-01
-1.258714348077774048e-01
6.955568492412567139e-02
-2.606327831745147705e-02
6.050932407379150391e-02
-1.006212159991264343e-01
1.236618012189865112e-01
1.176569312810897827e-01
1.498977094888687134e-01
1.239732354879379272e-01
-1.101788803935050964e-01
1.306072622537612915e-01
1.306710392236709595e-01
-2.376258373260498047e-03
-1.647131294012069702e-01
-6.291195005178451538e-02
-1.019292622804641724e-01
8.313859999179840088e-02
4.830591380596160889e-02
-1.704118400812149048e-01
1.654384881258010864e-01
4.736140370368957520e-03
-9.748243540525436401e-02
-1.114849448204040527e-01
7.131879031658172607e-02
-7.381744682788848877e-02
1.263041645288467407e-01
-1.319717317819595337e-01
-1.446094810962677002e-01
1.478929072618484497e-01
4.606361687183380127e-02
-1.330280750989913940e-01
-8.621209114789962769e-02
-1.072073355317115784e-01
6.900808215141296387e-02
-1.420797258615493774e-01
-1.460970491170883179e-01
1.563438028097152710e-01
1.714776903390884399e-01
-9.813615679740905762e-02
-1.729216277599334717e-01
-1.178488284349441528e-01
-1.471972167491912842e-01
1.342655271291732788e-01
-3.284946084022521973e-03
7.731564342975616455e-02
1.186965554952621460e-01
1.313381046056747437e-01
-3.510004281997680664e-02
-1.304439008235931396e-01
8.808545768260955811e-02
9.979479014873504639e-02
4.863739013671875000e-04
1.285424381494522095e-01
-4.013353586196899414e-02
